   1.1845098e-02
  -3.1811334e-02
   4.4958357e-03
  -1.9612263e-01
   1.2008698e-01
  -4.6943710e-01
   3.6520571e-01
  -6.9797105e-01
   5.1226706e-01
  -5.8664788e-01
   2.2992260e-01
   3.9078698e-02
  -5.8589664e-01
   9.7993709e-01
  -1.4017479e+00
   1.5839244e+00
  -1.4571917e+00
   1.1425688e+00
  -5.0237451e-01
  -1.6616621e-01
   8.3509989e-01
  -1.2967034e+00
   1.5111137e+00
  -1.3012975e+00
   8.9385100e-01
  -2.3206519e-01
  -3.3196824e-01
   8.9244014e-01
  -1.0115067e+00
   1.0301066e+00
  -6.1438699e-01
   3.1641131e-01
   2.4455469e-01
  -3.6110852e-01
   6.7203538e-01
  -3.3743087e-01
   4.7990784e-01
   7.1852153e-02
   1.4583195e-01
   2.1295272e-01
   1.5311118e-01
   8.5315303e-02
   2.8346317e-01
   1.8505063e-01
  -9.5854400e-02
   7.5382374e-01
  -8.9540865e-01
   1.3336786e+00
  -1.3590620e+00
   1.2656274e+00
  -1.0068747e+00
   5.2038900e-01
  -2.4042908e-01
  -2.3515332e-01
   1.1716449e-01
  -3.8308638e-01
  -8.1473869e-02
  -1.7073997e-01
  -1.8647261e-01
  -2.8752836e-01
   2.6008802e-01
  -9.0408721e-01
   8.9811230e-01
  -1.3039805e+00
   8.2722097e-01
  -7.7921602e-01
  -2.5228383e-01
   3.9015612e-01
  -1.3912168e+00
   9.6133172e-01
  -1.3892482e+00
   3.1056145e-01
  -2.0611674e-01
  -1.0121175e+00
   9.8765713e-01
  -1.7192384e+00
   1.0337997e+00
  -9.9000109e-01
  -2.8589034e-01
   6.3125575e-01
  -1.8783166e+00
   1.8293506e+00
  -2.4577986e+00
   1.8821375e+00
  -1.9848497e+00
   1.1326538e+00
  -1.1565616e+00
   3.4395620e-01
  -5.1251344e-01
  -8.6972646e-02
  -1.4384548e-01
  -3.2820687e-01
   1.3248815e-01
  -3.5080827e-01
   1.5952345e-01
  -9.0033505e-02
  -1.1197493e-01
   4.0219293e-01
  -5.0017564e-01
   6.6665001e-01
  -3.7012014e-01
   2.1366375e-01
   4.1057197e-01
  -7.6803892e-01
   1.2585196e+00
  -1.3452044e+00
   1.3465056e+00
  -9.1661312e-01
   5.3173110e-01
   1.6995191e-02
  -2.9990416e-01
   4.0618184e-01
  -1.0045409e-01
  -3.0240017e-01
   1.0743863e+00
  -1.4897715e+00
   2.1232160e+00
  -2.0084258e+00
   1.9641005e+00
  -1.3198265e+00
   8.2994966e-01
  -9.1012424e-02
  -2.6807077e-01
   4.8221413e-01
  -5.3015430e-01
   1.7318734e-01
  -1.3132289e-01
  -3.5060093e-01
   8.6999628e-02
  -3.7797953e-01
  -2.5239963e-01
  -4.4869195e-02
  -6.2776866e-01
  -7.1736711e-03
  -4.1971241e-01
  -5.7208109e-01
   2.6541631e-01
  -1.1914376e+00
   6.7277188e-01
  -1.1448933e+00
   2.8189317e-01
  -3.6710534e-01
  -5.7120369e-01
   4.3986131e-01
  -1.0630895e+00
   6.1929794e-01
  -9.4755482e-01
   3.2948267e-01
  -6.0758116e-01
   1.8025016e-02
  -4.6654368e-01
  -8.8367134e-02
  -4.6815919e-01
  -2.2058520e-01
  -3.8755950e-01
  -4.7902051e-01
  -3.3760755e-01
  -5.3497357e-01
  -6.4960483e-01
  -1.1067625e-01
  -1.2391547e+00
   4.0326450e-01
  -1.4236782e+00
   3.0758832e-01
  -9.0822159e-01
  -4.0674017e-01
  -2.1111026e-01
  -8.3044009e-01
  -2.5899925e-01
  -3.1258611e-01
  -1.2579410e+00
   6.5322419e-01
  -2.1430007e+00
   8.7403706e-01
  -1.8349401e+00
  -1.2276921e-01
  -6.0282486e-01
  -1.3867227e+00
   2.5006607e-01
  -1.6859547e+00
  -6.6078941e-02
  -9.9944380e-01
  -8.7296627e-01
  -4.0411526e-01
  -1.0811232e+00
  -7.6154809e-01
  -5.5911884e-01
  -1.4420777e+00
  -1.9377165e-01
  -1.4538554e+00
  -6.2901428e-01
  -7.6724294e-01
  -1.2179264e+00
  -5.3447893e-01
  -9.2886870e-01
  -1.4351015e+00
   3.0928561e-01
  -2.6574616e+00
   1.0609560e+00
  -2.6250341e+00
   3.0115773e-01
  -1.1103197e+00
  -1.4885505e+00
   6.4929427e-01
  -2.6365111e+00
   1.0517907e+00
  -2.1769449e+00
   1.0117377e-01
  -8.3522405e-01
  -9.8801097e-01
  -1.4784307e-01
  -1.0509012e+00
  -4.6837027e-01
  -3.5775905e-01
  -9.5144290e-01
  -1.0979763e-01
  -6.1138117e-01
  -8.5319257e-01
   5.0657935e-01
  -1.9246591e+00
   1.3409184e+00
  -2.2114770e+00
   1.0041126e+00
  -1.3454343e+00
  -2.7743915e-01
   3.4941065e-02
  -1.5242728e+00
   8.7535649e-01
  -1.8228789e+00
   6.3702010e-01
  -1.2224372e+00
  -2.8846733e-01
  -2.6883397e-01
  -1.0894888e+00
   2.8078753e-01
  -1.2529262e+00
   7.5324438e-02
  -7.1261512e-01
  -6.4569010e-01
   5.0363365e-02
  -1.3080438e+00
   5.7329965e-01
  -1.5017600e+00
   6.1538688e-01
  -1.1861847e+00
   3.4119581e-01
  -6.8537800e-01
  -3.6277530e-02
  -2.2404401e-01
  -2.7098127e-01
   2.9164575e-02
  -3.5397522e-01
  -4.2958606e-03
  -1.6541535e-01
  -4.7774428e-01
   3.3228103e-01
  -1.3250012e+00
   9.4087259e-01
  -1.9650847e+00
   1.1065404e+00
  -1.7711574e+00
   3.3441466e-01
  -6.9504471e-01
  -1.0791611e+00
   6.8533919e-01
  -2.1591604e+00
   1.3048752e+00
  -2.1070408e+00
   7.0794887e-01
  -9.1474315e-01
  -5.8307747e-01
   5.6897845e-01
  -1.5542776e+00
   1.2353076e+00
  -1.5025419e+00
   7.1458196e-01
  -3.6757918e-01
  -5.6927468e-01
   1.1356242e+00
  -1.8484485e+00
   2.1245523e+00
  -2.5330488e+00
   2.1105225e+00
  -2.2991774e+00
   1.1217859e+00
  -1.4187798e+00
  -3.1903144e-01
  -4.6721886e-01
  -1.5374397e+00
   7.2094451e-02
  -2.0238003e+00
   9.3312919e-02
  -1.8771484e+00
  -2.7834962e-01
  -1.3728600e+00
  -6.5445744e-01
  -7.9463052e-01
  -9.4045358e-01
  -3.0916440e-01
  -9.7766298e-01
  -1.7817873e-02
  -8.1437537e-01
   5.1490291e-04
  -4.6024186e-01
  -1.9615867e-01
  -6.5081666e-02
  -2.4770720e-01
   9.1581762e-02
  -2.1044859e-02
  -2.8650067e-01
   2.7786274e-01
  -8.1833017e-01
   1.1944567e-01
  -9.0337976e-01
  -6.1064327e-01
  -4.0450330e-01
  -1.6256568e+00
   6.2966516e-02
  -2.1871212e+00
   1.2545171e-01
  -1.9431663e+00
  -2.1123153e-01
  -1.4008468e+00
  -3.9042723e-01
  -1.1848578e+00
  -2.7264691e-02
  -1.2514234e+00
   5.0974050e-01
  -1.0342252e+00
   4.3600381e-01
  -1.6148206e-01
  -2.3905139e-01
   1.0134326e+00
  -7.5367932e-01
   1.6288352e+00
  -5.7161850e-01
   1.4002116e+00
   6.6654954e-04
   8.9541919e-01
   2.4312788e-01
   8.1561331e-01
  -3.3396850e-01
   1.0610210e+00
  -1.0572106e+00
   1.0500013e+00
  -1.0546949e+00
   3.2092496e-01
  -3.6334451e-01
  -6.5945679e-01
   4.7899013e-01
  -1.2273732e+00
   8.6512081e-01
  -1.0875604e+00
   6.2928321e-01
  -5.9213645e-01
   1.9412629e-01
  -5.6812754e-02
  -4.5766176e-02
   4.1593441e-01
  -2.8433917e-01
   8.8063061e-01
  -6.3948182e-01
   1.4089997e+00
  -8.3053596e-01
   1.8065512e+00
  -6.1090962e-01
   1.7532028e+00
   8.0322392e-02
   1.1206746e+00
   9.0204700e-01
   3.5928872e-01
   1.3323636e+00
  -2.4257529e-01
   1.3163892e+00
  -4.0814014e-01
   9.6447863e-01
  -2.6497792e-01
   4.5538185e-01
   1.8167573e-02
   1.3314624e-01
   4.3745256e-02
   1.1955711e-01
  -1.7838382e-01
   3.5505113e-01
  -4.7703638e-01
   6.1171011e-01
  -5.4986558e-01
   5.9828910e-01
  -2.2961945e-01
   2.5272353e-01
   3.3344281e-01
  -9.4815676e-02
   7.7917157e-01
   5.8206852e-04
   8.3489708e-01
   5.4278640e-01
   6.4016593e-01
   1.0497937e+00
   5.7268735e-01
   9.0741697e-01
   1.0036951e+00
   1.6694052e-01
   1.3818280e+00
  -6.1579399e-01
   1.2271676e+00
  -7.1676481e-01
   2.2797773e-01
   6.4658095e-03
  -1.3616895e+00
   1.1819501e+00
  -2.7260695e+00
   1.9407692e+00
  -3.3129800e+00
   1.9330785e+00
  -2.9029897e+00
   1.2161607e+00
  -1.9661410e+00
   2.8378188e-01
  -9.6896373e-01
  -3.2220990e-01
  -4.5169130e-01
  -3.3971537e-01
  -4.0101694e-01
   1.7943479e-01
  -6.1355338e-01
   7.6545499e-01
  -6.2834088e-01
   9.2824867e-01
  -3.0425622e-01
   6.1932498e-01
  -1.2679995e-02
   3.3993650e-01
  -2.9644882e-01
   2.3750936e-01
  -1.1208940e+00
   4.9272341e-01
  -1.8796553e+00
   5.0028334e-01
  -1.9465681e+00
  -4.4304852e-02
  -1.2189223e+00
  -9.8475454e-01
  -4.1337727e-01
  -1.4945709e+00
  -2.1908419e-01
  -1.2068484e+00
  -6.3677319e-01
  -6.4648652e-01
  -1.0060416e+00
  -4.2955851e-01
  -6.5607953e-01
  -8.5627945e-01
   2.1668977e-01
  -1.4353176e+00
   9.1310863e-01
  -1.4053254e+00
   9.1470325e-01
  -4.8890390e-01
   3.1628110e-01
   6.1508192e-01
  -3.2912564e-01
   9.3279752e-01
  -3.4546846e-01
   2.7805781e-01
  -2.2281554e-02
  -7.0544393e-01
   1.7951083e-01
  -1.1776439e+00
  -1.2971210e-01
  -8.5372658e-01
  -8.3620901e-01
  -1.0604542e-02
  -1.4406836e+00
   3.9326322e-01
  -1.5118915e+00
   1.9705917e-01
  -1.0098993e+00
  -2.3669309e-01
  -5.3084180e-01
  -5.0450835e-01
  -3.5460157e-01
  -4.2043987e-01
  -4.9332235e-01
  -8.9649802e-02
  -6.0871594e-01
   2.9583790e-01
  -6.4221810e-01
   6.3540014e-01
  -4.1605923e-01
   8.3452925e-01
   7.4394683e-02
   5.5544983e-01
   6.5398113e-01
   3.2740211e-02
   1.1727569e+00
  -7.3833594e-01
   1.3688724e+00
  -1.1596354e+00
   1.1296800e+00
  -1.0080706e+00
   5.6997954e-01
  -4.9644689e-01
   1.4206702e-01
   8.1939517e-02
  -1.8388290e-01
   5.0699818e-01
  -3.1846594e-01
   5.9943813e-01
  -6.4013259e-03
   4.4647141e-03
   9.4029457e-01
  -1.1101163e+00
   2.2342566e+00
  -2.1418194e+00
   2.9387612e+00
  -2.1400778e+00
   2.5883873e+00
  -9.1762806e-01
   1.5199405e+00
   6.9492506e-01
   7.9922149e-01
   1.5467618e+00
   8.3407130e-01
   1.3201489e+00
   1.3425548e+00
   8.5523194e-01
   1.0259674e+00
   8.9432356e-01
   3.6743755e-02
   1.2180980e+00
  -7.0273257e-01
   1.1211397e+00
  -5.4078716e-01
   6.4829703e-01
  -1.8240703e-02
   3.5182529e-01
  -2.2002894e-03
   7.7885987e-01
  -6.5057286e-01
   1.4628401e+00
  -1.1358254e+00
   1.4889827e+00
  -7.1729143e-01
   6.9222644e-01
   1.8718785e-01
  -1.4290516e-01
   7.4742313e-01
  -5.1727718e-02
   5.5849891e-01
   7.5396781e-01
   3.2092101e-01
   1.2992181e+00
   7.6924065e-01
   1.1587916e+00
   1.4458435e+00
   7.8976717e-01
   1.7039358e+00
   5.0127610e-01
   1.1219025e+00
   4.8434546e-01
   4.6870559e-01
   2.2314120e-01
   3.4990829e-01
  -4.5899800e-01
   7.1940432e-01
  -9.6045065e-01
   8.9071400e-01
  -8.6700412e-01
   6.1321831e-01
  -3.3859616e-01
   3.6034412e-01
  -3.5624472e-03
   3.5402839e-01
   1.2867221e-01
   4.3940336e-01
   3.7410294e-01
   1.7314004e-01
   9.7278279e-01
  -2.0855603e-01
   1.5010646e+00
  -2.1562211e-01
   1.4938982e+00
   4.9243444e-01
   1.0772994e+00
   1.5081473e+00
   3.9917025e-01
   2.0861442e+00
   1.0140090e-02
   1.9248828e+00
  -4.2151642e-01
   1.6136588e+00
  -9.8648201e-01
   1.5813282e+00
  -1.5838326e+00
   1.4787738e+00
  -1.6715032e+00
   1.1719313e+00
  -1.1976354e+00
   4.6136802e-01
  -3.6765106e-01
  -3.3051133e-01
   4.2420993e-01
  -8.7871028e-01
   7.9996059e-01
  -9.8641044e-01
   7.4139924e-01
  -7.4359081e-01
   3.6098513e-01
  -3.4758164e-01
   1.8293581e-01
  -7.3255078e-02
   3.9591157e-01
  -1.8007471e-01
   1.2773309e+00
  -5.4568375e-01
   2.2978304e+00
  -8.4515734e-01
   2.4904818e+00
  -3.0634685e-01
   1.4600510e+00
   5.0546339e-01
   2.7451194e-02
   1.0570123e+00
  -6.6546090e-01
   7.2066636e-01
  -4.4461345e-01
  -1.4291995e-01
   2.3178298e-01
  -5.7229958e-01
   3.2436082e-01
  -1.8348783e-01
  -2.6826145e-01
   6.6334921e-01
  -8.5603632e-01
   1.1388268e+00
  -1.0568266e+00
   1.2234962e+00
  -9.6702711e-01
   1.3760992e+00
  -1.1016598e+00
   1.8200504e+00
  -1.1403304e+00
   2.0407196e+00
  -6.3389257e-01
   1.8319135e+00
   4.6038527e-01
   1.5600580e+00
   1.1435523e+00
   1.4944309e+00
   1.1198490e+00
   1.7408943e+00
   2.6747680e-01
   1.7105286e+00
  -3.8277034e-01
   1.2277392e+00
  -4.9344386e-01
   5.4680180e-01
  -5.5886232e-01
   5.5735846e-01
  -8.8273073e-01
   9.2167564e-01
  -1.1304628e+00
   1.0574183e+00
  -7.2221588e-01
   4.5240517e-01
  -6.8954284e-02
  -6.5894067e-02
   1.9670783e-01
   9.5103505e-02
  -5.4343401e-01
   1.0237964e+00
  -1.3940373e+00
   1.8080031e+00
  -1.4415364e+00
   1.6248613e+00
  -3.2728529e-01
   1.1918175e+00
   7.8399789e-01
   1.3637524e+00
   7.9239610e-01
   2.1825364e+00
   1.2993320e-01
   2.7356013e+00
  -5.4505342e-01
   2.0585539e+00
  -3.0671951e-01
   8.0226198e-01
   5.3889262e-02
   6.1070845e-02
  -3.8537257e-01
   6.3639393e-01
  -1.2540429e+00
   1.4023847e+00
  -1.6482599e+00
   1.2255296e+00
  -8.3213488e-01
   1.0993170e-01
   4.8238927e-01
  -9.0655034e-01
   9.8382984e-01
  -8.5986673e-01
   3.8101802e-01
  -1.0612722e-01
  -3.9238321e-01
   3.9991457e-01
  -2.4508189e-01
   1.3477543e-01
   7.2680290e-01
  -2.0546040e-01
   1.5762873e+00
   2.5532390e-02
   1.4042927e+00
   6.3641168e-01
   8.3272702e-01
   7.4629004e-01
   2.0125212e-01
   2.0665805e-01
   9.4762849e-03
  -3.5727266e-01
  -3.2829816e-01
  -4.0532139e-01
  -1.1302351e+00
   4.8926935e-01
  -1.9999239e+00
   1.1324402e+00
  -2.3099655e+00
   9.6327472e-01
  -1.6707823e+00
   3.9943665e-02
  -7.3052125e-01
  -8.6927956e-01
  -2.2238064e-01
  -1.0423411e+00
  -5.7147904e-01
  -4.9935521e-01
  -1.3015824e+00
   4.8489743e-01
  -1.7811971e+00
   1.1680765e+00
  -1.4400145e+00
   1.3608295e+00
  -3.4755878e-01
   7.9429966e-01
   6.9660175e-01
   1.1172555e-01
   1.3026795e+00
  -8.5384540e-01
   1.1837099e+00
  -1.5144630e+00
   8.3785363e-01
  -1.8737634e+00
   2.9784853e-01
  -2.0170678e+00
  -3.7185352e-01
  -1.2639032e+00
  -1.1482518e+00
  -2.1705278e-01
  -2.0159990e+00
   8.9867377e-01
  -2.2183963e+00
   1.1757352e+00
  -1.9072491e+00
   5.6027011e-01
  -9.0191018e-01
  -2.4307318e-01
  -3.2777864e-01
  -4.6576606e-01
  -1.6891905e-01
   1.8915880e-01
  -2.3596811e-01
   1.3676345e+00
   2.3293763e-01
   1.7144900e+00
  -3.1240649e-01
   8.4444953e-01
  -1.8832424e-01
  -1.3226861e-01
  -1.3070001e+00
  -9.0610221e-01
  -1.4315171e+00
  -5.6337439e-01
  -1.5268865e+00
  -7.4489423e-01
  -4.7077590e-01
  -5.4530520e-01
   5.0415630e-01
  -1.5413033e+00
   1.3540141e+00
  -2.0792659e+00
   1.2906852e+00
  -3.0537986e+00
   1.0338806e+00
  -2.5117750e+00
   7.6778061e-02
  -1.7363811e+00
  -1.1711095e+00
   1.4538380e-01
  -1.8540291e+00
   1.2265082e+00
  -1.7129171e+00
   1.9451977e+00
  -3.2557228e-01
   2.0068779e+00
   7.1788084e-01
   1.0142392e+00
  -8.0854622e-01
  -1.8634919e-01
  -1.1596281e+00
  -1.7885768e+00
  -1.4824756e+00
  -2.3386462e+00
   2.6843047e-01
  -2.7994327e+00
   5.5191288e-01
  -1.9204145e+00
   6.6228349e-01
  -6.5519262e-01
  -8.6194973e-01
   8.2820695e-01
  -1.2912234e+00
   7.8049210e-01
  -1.9454838e+00
   4.1648693e-01
  -1.0030575e+00
  -8.4203572e-01
  -1.4710674e+00
  -7.3321541e-01
  -1.2466615e+00
  -5.3253110e-01
  -8.1917681e-01
   2.9382644e-01
   6.9692597e-01
   1.8456543e-01
   2.3408135e+00
   7.2463869e-01
   2.0678472e+00
  -1.2289480e+00
  -2.0074013e-01
  -3.0841539e-01
  -2.1743213e+00
  -1.0897086e+00
  -2.1318307e+00
   5.7691130e-01
  -1.5833100e+00
  -1.7695540e-01
  -5.7577664e-01
   2.0638350e-01
  -2.0587827e-01
  -1.2405325e+00
   1.0239382e+00
  -1.3820103e+00
   1.0391754e+00
  -2.1869812e+00
   9.6489026e-01
  -1.0809042e+00
  -1.1461345e+00
  -5.5762175e-01
  -1.9058915e+00
   2.3759979e-01
  -1.9703968e+00
   4.3467369e-01
   3.5994536e-01
   6.0680097e-01
   1.1944467e+00
   1.7578039e+00
   1.7338626e+00
   1.8575430e+00
  -1.8024060e+00
   9.0443700e-01
  -1.1645567e+00
  -9.0047851e-01
  -1.4180749e+00
  -5.3430350e-01
   1.1580853e+00
  -9.3051501e-01
   4.7908383e-01
   3.8916916e-01
   6.0171313e-01
  -4.3343110e-01
   4.5424097e-01
   1.2090678e-01
   1.6861420e+00
  -1.0298996e+00
   1.4973993e+00
  -4.0450111e-01
   1.3234184e-01
  -3.1000485e-01
  -1.4139647e+00
   1.0755635e+00
  -1.7906445e+00
   1.3161331e+00
  -3.5892890e-02
   1.9293097e+00
   1.0987917e+00
   2.0212360e+00
   2.3324933e+00
   2.9939379e+00
   1.2046474e+00
   1.0423480e+00
  -9.0714823e-01
   1.1731512e+00
  -1.8127199e+00
  -4.5274426e-01
  -2.5188644e-01
   7.0255321e-01
  -6.2974420e-01
   5.0375973e-01
  -1.5785485e-01
   7.1447857e-01
  -1.0110130e+00
   6.2437963e-01
   4.9094475e-01
   1.9543037e-01
   6.9165946e-01
  -8.9034018e-02
   4.2635431e-02
  -6.5310306e-01
  -7.7673310e-01
  -7.5428549e-01
  -1.1642078e+00
  -3.9189255e-01
  -2.6529379e-01
   1.3038214e-01
   8.5652089e-01
   6.2352458e-01
   1.4462601e+00
   1.2604333e+00
   1.9515826e+00
   9.9639677e-01
  -6.4897539e-01
  -9.8957979e-01
  -2.8315932e-01
  -1.7141506e+00
  -1.9882786e+00
   1.2439636e-01
  -1.0309400e+00
  -4.6913939e-02
  -1.6715815e+00
   5.9141004e-01
  -1.2825704e+00
  -9.8062319e-01
  -2.0363008e-01
  -5.8025688e-01
   1.4103459e-01
  -1.1877170e+00
   1.2138920e-01
  -1.8003112e+00
  -7.8413901e-01
  -2.3642304e+00
  -1.0016732e+00
  -2.7065699e+00
  -4.7081543e-01
  -2.1012597e+00
   3.5327075e-01
  -1.1689249e+00
   9.7367593e-01
  -6.5701181e-01
   1.7273665e+00
   7.6373676e-02
   1.6947309e+00
  -2.1746874e+00
  -6.2952037e-01
  -1.3271649e+00
  -1.7823400e+00
  -2.4462185e+00
  -5.2755393e-01
  -1.1171347e+00
  -7.5642252e-01
  -2.1992927e+00
   6.4107388e-01
  -2.8737665e+00
  -2.0143184e-01
  -2.0634290e+00
   2.3004548e-01
  -1.2279734e+00
  -8.5602191e-01
  -1.7342212e-01
  -2.3407258e+00
  -1.2282109e+00
  -2.0936325e+00
  -2.0114471e+00
  -1.8429129e+00
  -1.9885505e+00
  -5.5352841e-01
  -1.4837880e+00
   8.3619914e-02
  -1.9566111e-01
   1.1706042e-01
   7.6853654e-01
   8.5987721e-01
   1.0935269e+00
  -1.2929924e+00
  -1.3335766e+00
  -4.6321964e-01
  -2.0043437e+00
  -1.9935550e+00
  -6.2033697e-01
  -4.9950613e-01
  -8.1033541e-01
  -1.5440602e+00
   5.8157234e-01
  -2.1604909e+00
   9.8448658e-02
  -1.6442954e+00
   1.1766098e+00
  -1.1085634e+00
   5.9289823e-01
   1.3854055e-01
  -1.0603327e+00
  -8.0968968e-01
  -7.0250833e-01
  -1.5502569e+00
  -5.9102422e-01
  -1.7363048e+00
   1.1466597e+00
  -1.6839897e+00
   1.5326112e+00
   6.7117182e-02
   9.9780707e-01
   1.4123762e+00
   1.3879392e+00
   2.1685821e+00
  -5.1932649e-01
  -1.1975520e+00
   1.4592907e+00
  -2.5254311e+00
   1.3380354e-01
  -1.1754896e+00
   1.4313306e+00
  -9.5902220e-01
  -2.7497516e-01
   7.3316927e-01
  -7.9721584e-01
  -3.8005142e-01
   1.5421967e-01
   4.0377667e-01
   4.0326569e-01
   4.3576749e-01
   2.7179237e-01
   3.5920269e-01
  -1.8280939e+00
   7.6243604e-01
  -1.9627084e+00
  -3.1020447e-01
  -5.9193289e-01
  -3.3187806e-01
   7.3997200e-01
  -2.8842365e-01
   1.7612039e+00
   6.1286102e-01
   1.4143827e+00
   2.6605345e+00
   1.2986491e+00
   5.9875426e-01
  -8.8985059e-01
   8.6989274e-01
  -9.1671899e-01
  -1.1434004e+00
   3.6378013e-01
   9.9628989e-01
  -1.3436934e+00
   1.1627344e+00
  -1.1775206e+00
   7.9798792e-01
  -1.6613278e+00
   6.6388112e-01
   6.9822520e-01
  -3.0067996e-01
   1.4625798e+00
   3.5089494e-01
  -1.5718772e-01
  -3.0916535e-01
  -1.0353678e+00
   6.5201514e-01
  -2.6008897e+00
   1.7944147e+00
  -1.4014587e+00
   1.5581717e+00
  -2.5403223e-01
   1.8033205e+00
   6.9016576e-01
   1.2798193e+00
   2.5155310e+00
   1.7423744e+00
   1.0893113e+00
  -1.3487402e+00
   1.3096117e+00
  -1.1438373e+00
  -1.1930074e+00
  -1.9928804e-01
   6.4615658e-01
  -4.2304472e-01
  -5.6588453e-01
   3.8560019e-01
  -7.5584824e-01
  -6.5841999e-01
  -6.3063412e-01
   8.9625966e-01
  -5.9206586e-01
   8.0622360e-01
   9.8902519e-02
  -6.3107935e-02
  -1.3040847e+00
  -3.6570512e-01
  -1.1138471e+00
  -1.0481093e+00
  -7.0552559e-01
   1.5913908e-01
  -8.0371421e-01
   9.6464062e-01
  -2.9789491e-01
   1.3351939e+00
   1.2388762e-01
   2.1285963e+00
   1.8372359e+00
   9.0049676e-02
  -7.5055351e-01
  -5.3974358e-01
  -3.3188729e-01
  -2.0683588e+00
  -9.4654677e-01
   1.3621868e+00
  -1.7623180e+00
   8.7976381e-01
  -1.2291853e+00
   4.6243052e-01
  -1.2532440e+00
  -9.6609162e-01
   1.5175264e+00
  -1.6234248e+00
   1.7987631e+00
  -9.0340212e-01
   8.0324102e-01
  -1.7249854e+00
  -1.2935995e+00
   1.4779429e-01
  -2.6511899e+00
   4.0635602e-01
  -1.3178682e+00
   6.4221428e-01
  -7.0715970e-01
   6.7285963e-01
   6.3034223e-01
   1.5614373e-01
   1.7656280e+00
   1.3919755e+00
   1.4155524e+00
  -2.1343189e+00
  -8.1882945e-02
  -4.0796294e-01
  -2.3641822e+00
  -5.1995875e-01
  -5.3302110e-01
   1.0519702e+00
  -2.3060187e+00
   9.9749656e-01
  -1.2372031e+00
  -5.0126031e-01
  -1.0357957e+00
   9.0008826e-02
   2.5237939e-01
  -3.8325513e-01
   2.8612901e-01
   3.0920762e-01
  -1.7375445e+00
  -7.9697221e-01
  -1.1148676e+00
  -1.5005760e+00
  -7.2041762e-01
  -1.0931830e+00
   1.6595023e-01
  -6.0083661e-01
  -1.4968553e-01
   9.0136509e-01
  -7.8669199e-01
   1.8498429e+00
   1.1584895e+00
   1.4844115e+00
  -6.2631176e-01
  -2.1288600e+00
   1.5647298e+00
  -2.9769560e+00
  -8.9774289e-01
   6.1272063e-01
  -4.1894086e-01
   8.0309652e-01
  -1.7019599e+00
   1.6297160e+00
  -1.4134649e+00
  -5.9942469e-01
   7.1282954e-01
  -8.3082911e-02
   7.4966746e-01
   1.1934484e-01
   5.6621380e-01
  -7.7782781e-02
  -1.6704402e+00
   1.5153358e-01
  -1.1905909e+00
  -9.1360640e-01
   3.5723024e-01
  -9.5618401e-01
   1.1459009e+00
  -2.4171565e-01
   1.0467168e+00
   1.1588179e+00
   2.1615584e-01
   3.6842130e+00
   8.3727024e-01
   1.5404209e+00
  -2.0252361e+00
   1.3469674e+00
  -6.2976094e-01
  -1.6253751e+00
   1.0417612e+00
   8.1313120e-01
   7.0521352e-01
  -2.4595771e-01
   1.0542602e+00
   1.3280032e-01
  -2.3316740e-01
   3.5685945e-01
   1.5003029e+00
   5.0341162e-01
   1.2251725e+00
   6.5577402e-01
   1.4033798e+00
  -1.4233517e+00
   8.8653130e-01
  -9.6592174e-01
   1.0157157e+00
  -7.5851811e-01
   1.4394503e+00
   2.9689817e-01
   1.5534762e+00
   8.6024469e-01
   2.1172060e+00
   1.1599663e+00
   3.2322313e+00
   2.6251791e+00
   1.9811276e+00
  -1.3499485e-01
  -1.3583640e-01
   2.0149376e+00
  -2.1680722e+00
   1.3758912e+00
   1.1993511e+00
   1.2396932e+00
   1.0126052e+00
  -3.4144587e-01
   2.3283509e+00
  -1.0672579e+00
   1.3186714e+00
   1.2245087e+00
   1.3491511e+00
   2.1070839e+00
   1.6525600e-01
   3.0550140e+00
  -1.3465136e+00
   1.8549541e+00
  -8.1595155e-01
   1.4746650e+00
  -1.4461350e-01
   1.5650111e+00
   3.8086628e-01
   2.0568374e+00
   8.2465935e-01
   2.3375621e+00
   1.1887589e+00
   2.7732273e+00
   2.9888018e+00
   2.3657270e+00
   1.1164279e+00
  -1.1810351e+00
   2.6339941e+00
  -1.3643936e+00
   1.0818159e+00
   3.8016785e-01
   2.9228815e+00
   2.2176298e-01
   1.1306416e+00
   7.9530314e-01
   1.0825077e+00
  -9.0513628e-02
   1.3328453e+00
   1.2136882e+00
   1.7519836e+00
   5.2243557e-01
   1.5931736e+00
   6.0591388e-01
  -6.6056716e-02
  -4.1382715e-01
   1.0818862e-03
   1.9040335e-01
   4.6799684e-01
  -6.2508842e-01
   1.8236478e+00
   5.9465081e-02
   1.2472731e+00
   1.0350715e+00
   7.4735722e-01
   3.4799751e+00
   3.4381831e-01
   3.9734819e+00
  -2.5191254e+00
   8.3777911e-01
   2.4483263e-02
  -5.9969397e-01
   2.8622505e-01
   2.4552278e-01
   2.1313426e+00
  -5.3434456e-01
   3.8482164e-02
   2.2273159e-01
  -2.8489829e-01
  -1.2018117e-01
   8.0049538e-02
   1.0106643e+00
   8.4093163e-01
  -3.7131379e-01
   9.9809021e-01
  -5.7191377e-01
  -5.0564533e-01
  -8.6788192e-01
  -8.4752409e-01
   6.9151843e-01
  -1.6707402e+00
   6.1798711e-01
  -3.4000515e-01
   8.6347105e-01
  -1.6099003e-01
   5.4231821e-01
   1.1405618e+00
   1.1339436e+00
   2.0658331e+00
   5.7664865e-01
  -8.3346445e-01
  -1.8008835e+00
   1.0963805e+00
  -1.7921367e+00
   2.5336713e-01
   8.3693004e-02
   1.2554176e+00
  -8.8428398e-01
  -8.6000562e-02
  -1.1591691e+00
   9.8119926e-01
  -2.1083924e+00
   1.7650357e+00
  -8.3181539e-01
   1.6652825e+00
  -1.0276031e+00
   6.9491913e-01
  -3.3618225e-01
  -5.9356129e-01
  -1.1948101e+00
  -4.9027181e-03
  -9.2181232e-01
   2.9563604e-01
  -1.8175161e+00
   1.7309907e+00
  -8.4088148e-01
   8.6461575e-01
   2.2074644e-01
   7.1215481e-01
   1.6650377e+00
   1.0572761e+00
   1.8147814e+00
  -7.6458000e-01
  -1.7533875e+00
   6.6398570e-01
   6.5039630e-02
  -1.3259236e+00
   1.8234112e+00
  -7.2230597e-01
   2.5847455e+00
  -2.5697756e+00
   1.0869230e+00
  -1.4024451e-01
  -1.7748787e-01
   9.7192424e-01
  -4.7304168e-01
   2.4549740e+00
  -6.9851401e-01
   8.8113145e-01
   3.2949534e-01
  -1.3787397e-01
   7.3982759e-02
  -1.6232238e+00
   1.0961740e+00
  -7.2382450e-01
  -7.7772831e-02
   2.5054540e-01
   1.1483129e+00
   3.0332336e-01
   6.0024044e-01
   6.2172609e-01
   1.7217729e+00
   1.6205698e+00
   1.7099624e+00
   1.2686036e+00
  -2.0247219e+00
   3.2033492e-01
   5.0384702e-01
  -6.3418656e-01
   3.1233212e-01
   2.8705738e-01
   1.9473474e+00
  -1.3072369e+00
   3.6607211e-01
  -9.7501415e-01
   1.6190640e+00
  -1.2083432e+00
   1.0772674e+00
   8.3403308e-01
   8.3357645e-01
   7.3598212e-01
  -3.0629049e-01
   1.1497984e+00
  -5.6461035e-01
  -6.9847165e-01
  -2.5738516e-01
  -6.2361142e-01
   1.9922236e-01
  -9.0667411e-01
   1.0707037e+00
  -2.6370875e-02
   2.6629481e-01
   2.5357936e-01
   4.7779257e-01
   1.0433086e+00
   1.6505112e+00
   1.4779546e+00
   7.9561753e-01
  -2.6046536e+00
   4.0377540e-01
   3.0088208e-01
  -1.3122890e+00
   8.0466499e-01
  -5.4128168e-01
   2.0010974e+00
  -1.8118035e+00
  -4.1485404e-01
  -6.7759949e-01
   1.1245992e-01
  -1.6403979e-01
  -4.7887382e-01
   1.4057576e+00
  -1.8447906e-01
   1.0214379e+00
  -1.6205278e+00
   1.0853424e+00
  -1.6838517e+00
  -4.7057167e-01
  -1.7385900e+00
  -4.2126616e-01
  -5.9776489e-01
  -9.5346644e-01
  -3.8782270e-01
  -2.2573181e-01
  -1.0985472e+00
   8.4512326e-01
  -1.6726451e+00
   2.3054245e+00
  -4.2550410e-01
   2.6509330e+00
   4.6082015e-01
  -2.9206533e+00
  -1.7900200e-01
  -8.9523356e-01
   7.8003127e-01
  -1.7058426e+00
   6.0426745e-01
   6.6237854e-01
  -6.8514282e-01
  -1.5747142e+00
  -1.5787294e+00
   4.7889987e-01
  -9.0475035e-01
   1.9908120e-01
  -8.0775689e-01
   1.7124979e+00
  -1.7110683e+00
   5.4831272e-01
  -2.1516915e+00
   3.3500788e-01
  -1.5188595e+00
  -1.0079244e+00
  -1.4918236e+00
  -2.8196770e-01
  -1.4078840e+00
   4.1437306e-02
  -1.7659948e+00
   5.7696884e-01
  -7.9955015e-01
   3.8942138e-01
  -2.4795838e-01
   6.3762031e-01
   1.5295001e+00
   1.7132796e+00
  -1.6100616e+00
  -2.0266296e+00
  -1.0071279e+00
   7.3025565e-01
  -8.7230621e-01
  -1.0266205e+00
   9.8045719e-01
  -9.1329380e-01
  -3.6338906e-01
  -2.0160627e+00
  -1.4392014e+00
   1.9044418e+00
  -2.4436375e+00
   2.1512516e+00
  -2.7751708e+00
   2.3918766e+00
  -2.2317858e+00
  -2.4538346e-01
  -1.3348606e+00
  -7.5161754e-01
  -2.2777973e-01
  -1.9502590e+00
  -1.3241361e+00
  -1.0558054e+00
  -1.2679794e+00
   1.5593346e-01
  -2.0066688e+00
   8.3190722e-01
  -9.8827501e-01
   4.8562755e-01
  -9.3516159e-01
   6.5398181e-02
   1.6925344e+00
   6.8667501e-01
   3.4691872e-01
  -4.1618526e+00
   2.5336217e-01
  -1.0482388e+00
   3.3062963e-01
  -2.0661256e+00
  -1.5359859e-01
  -7.1479551e-01
  -3.6837429e-01
  -2.0444445e+00
  -8.2800893e-01
  -9.9607778e-01
   8.2545041e-01
  -1.6902449e+00
   4.9376180e-01
  -1.5195625e+00
   7.6615738e-01
  -1.4246364e+00
  -1.1176786e+00
  -9.0340208e-01
  -1.0624223e+00
  -6.1618922e-01
  -2.3314681e+00
  -4.5330584e-01
  -2.1317798e+00
   2.4989530e-01
  -1.8668152e+00
  -6.9927434e-02
  -9.4777037e-01
  -6.9435742e-01
   2.4505494e-02
  -1.2276190e+00
   1.1684756e+00
   3.8141311e-01
   1.9913692e+00
  -1.0835406e+00
  -3.3101899e+00
  -1.3083441e-01
  -1.3027256e+00
   1.2332595e+00
  -2.5479044e+00
   2.6368829e-01
  -3.8488391e-01
  -5.7274153e-01
  -4.3332803e-01
  -3.1504278e+00
   7.1544466e-01
  -1.7858788e+00
   7.5047246e-01
  -1.4075881e+00
  -5.1237516e-01
  -2.1601837e-01
  -1.7292815e+00
  -3.9498953e-01
  -2.1032010e+00
  -2.0481207e-01
  -1.0129055e+00
  -1.1033904e+00
  -7.4855796e-01
  -2.7326110e+00
   2.6564109e-01
  -2.2521553e+00
   5.0383552e-01
  -2.1021445e+00
  -2.3440584e-01
  -4.6393041e-01
  -4.3517932e-01
   2.0250093e-01
  -2.9864333e-01
   1.4245736e+00
   7.9337007e-01
  -4.7267408e-01
  -2.2466549e+00
  -1.3236193e+00
   2.1283693e-01
  -1.6799730e-01
  -4.1300320e-01
  -6.2109236e-01
  -1.2300401e-01
  -9.9957202e-02
  -1.3132355e+00
  -1.2062976e+00
  -1.3837595e+00
   7.9589057e-01
  -3.9139093e-01
   6.1211501e-01
  -7.9724739e-01
  -5.9974012e-01
   3.7664723e-01
  -1.1642372e+00
   5.4338817e-01
  -1.6740230e+00
   4.5718441e-01
  -9.9268042e-01
  -8.2510856e-01
  -7.1967060e-01
  -1.0657722e+00
  -5.7441979e-01
  -3.5258240e-01
  -1.0003481e+00
   6.9808123e-01
  -1.2081981e+00
   1.1699239e+00
  -3.4598720e-01
   1.1748447e+00
   9.8704300e-01
   1.1867303e+00
   1.8956638e+00
  -6.6425267e-01
  -1.2894148e+00
  -9.8552921e-01
   6.8610829e-01
   1.0212818e-01
   1.7570282e-01
  -5.7589589e-01
   3.4412627e-02
   3.6019479e-01
  -8.3350623e-01
   3.0029164e-01
  -1.1460346e+00
   2.2553126e+00
  -2.4608788e-01
   1.6982657e+00
  -9.4313680e-01
   4.0722544e-01
   3.7579643e-03
   4.0151224e-01
  -5.2872385e-01
   7.2795249e-01
  -1.1803058e+00
   1.4222739e+00
  -1.7899984e+00
   1.5686210e+00
  -1.2260913e+00
   1.5175583e+00
  -1.3339577e+00
   5.8465059e-01
  -1.4080058e+00
   1.6902947e+00
  -4.5813043e-01
   1.8018657e+00
  -5.6540128e-01
   1.0681478e+00
   2.1753539e-01
   4.6046279e-01
   1.0501240e+00
   1.0401898e+00
   6.4739287e-01
  -6.8693258e-01
  -2.0848078e+00
   8.6137818e-01
  -4.3360324e-01
   1.6752508e+00
  -1.0369309e-02
   2.3913008e-01
   7.1666299e-01
   9.3832962e-03
  -1.3035231e-01
  -2.6656560e-01
  -1.0844490e+00
   1.7664957e+00
  -1.1217489e+00
   2.2660464e+00
  -2.0893251e+00
   1.1742143e+00
  -7.1414919e-01
   1.0567858e-01
   3.8478238e-02
  -8.8165867e-01
   6.7923134e-01
  -3.3032916e-02
   2.0707052e-01
   1.8544207e-01
  -7.0218551e-01
   5.4967685e-01
  -6.9196498e-01
   2.0145099e-01
  -3.3643178e-01
  -2.8739960e-01
   1.3466934e-01
  -8.8636220e-01
  -2.3256544e-01
  -1.1443831e+00
  -5.8123847e-01
  -2.2422168e-01
  -1.9597687e-01
  -3.8296992e-02
  -3.3592537e-01
  -8.2328359e-01
   1.2375260e-01
  -1.2246903e+00
   1.1864885e+00
  -1.2032994e+00
   1.9025014e+00
  -8.0232370e-01
   1.5881772e+00
  -9.0808962e-01
   2.3378429e-02
  -1.3623758e+00
  -1.4939279e-02
  -5.7073246e-01
   1.0335804e+00
  -8.9207401e-01
   1.0799296e+00
  -1.1276206e+00
   5.6591764e-01
  -7.4388074e-01
  -4.8466369e-01
  -9.6449973e-03
  -7.3543094e-01
   3.3763987e-01
  -1.9964042e-01
  -9.3607835e-01
   7.0123980e-01
  -2.0022287e+00
   1.6020460e+00
  -2.1962031e+00
   1.1458612e+00
  -1.0826329e+00
   2.9790115e-01
   4.0393901e-01
  -3.2314692e-01
   5.6395838e-01
  -4.4228271e-02
   1.8734206e-01
   1.0463244e+00
  -4.7644019e-01
   1.3577639e+00
  -1.1898358e+00
   6.3296448e-02
  -1.1197203e+00
   1.5646585e-01
  -8.1623892e-02
   3.3392575e-01
  -2.9923991e-01
   1.2582202e-01
  -2.9532007e-01
   3.1924632e-01
  -3.3152157e-01
   1.3617715e-01
  -9.3365680e-02
   5.9333564e-01
   1.5866891e-01
   6.0882542e-01
  -3.2988425e-01
   3.5899915e-02
   2.7855757e-01
  -3.0358842e-01
   9.3300690e-01
  -1.2648492e+00
   8.6351144e-01
  -5.9036744e-01
   4.4840192e-01
   8.4041178e-01
  -9.9655920e-01
   1.3597745e+00
  -1.3915406e+00
   1.0780110e+00
  -2.0136486e-01
  -2.8969870e-01
   1.1182491e+00
  -1.3228429e+00
   1.6726002e+00
  -1.1546492e+00
   1.0829092e+00
  -4.3091686e-01
   3.8353590e-01
  -1.8420273e-02
   5.0377323e-01
  -2.7427582e-01
   7.7247851e-01
  -5.5966025e-01
   9.2640936e-01
  -5.8983214e-01
  -4.8076067e-02
  -2.5414268e-01
   2.1508528e-01
   3.9825785e-01
   6.3230681e-01
   6.9735977e-02
   4.1484085e-01
   3.3510949e-01
  -4.8678628e-03
   1.3314319e+00
  -7.8329666e-01
   2.1758659e+00
  -1.0513572e+00
   1.7462689e+00
  -1.2254646e+00
  -5.2744189e-02
  -3.2676138e-02
  -3.0290813e-01
   1.1632485e+00
  -2.8821591e-01
   6.1648187e-01
  -2.1626756e-02
   2.0915806e-01
   3.2483758e-01
  -3.3160058e-03
   2.7566003e-01
   9.7570893e-02
   6.2139167e-01
  -1.6179706e-02
   1.0333656e+00
  -7.5624504e-01
   9.9128974e-01
  -1.0401374e+00
   5.0268725e-01
  -3.9528165e-01
  -4.6355621e-01
   4.6865429e-01
  -9.7334583e-01
   9.8742911e-01
  -8.7688981e-01
   4.9665049e-01
  -7.8281869e-01
   3.3998080e-01
  -4.3499353e-01
   8.9516615e-01
  -7.6709463e-01
   1.0257564e+00
  -9.1911958e-01
   6.1332326e-01
  -3.9503168e-02
  -3.3171727e-01
   8.1802630e-01
  -1.0991716e+00
   1.1600722e+00
  -8.4999484e-01
   4.6678002e-01
   2.2255543e-01
  -2.9643395e-01
   8.9099246e-01
  -4.4879762e-01
   6.1513651e-01
   1.1554203e-01
  -1.2200698e-01
   8.0240324e-01
  -2.8174886e-01
   7.7625594e-01
   3.3475755e-01
  -2.7570404e-01
   1.1686006e+00
  -1.4169417e+00
   2.0462160e+00
  -1.8119499e+00
   2.2665744e+00
  -1.5205568e+00
   1.5298231e+00
  -7.2757447e-01
   3.8619157e-01
   4.0548834e-01
  -5.6869855e-01
   8.3683780e-01
  -1.2431726e+00
   1.0082060e+00
  -5.2482006e-01
   9.9826905e-01
  -1.8677488e-03
   7.8806821e-01
  -2.4023224e-01
   1.1139387e+00
  -6.0973402e-01
   1.8813529e+00
  -6.1971022e-01
   1.7419674e+00
  -6.3367796e-02
   7.3938517e-01
   1.0943273e+00
  -3.1437235e-01
   1.1638891e+00
  -6.5178549e-01
   3.6517712e-01
   6.2775461e-01
  -3.4050887e-01
   1.5435750e+00
  -4.1463461e-01
   1.0674671e+00
   4.2601536e-01
  -1.8744427e-01
   1.1540487e+00
  -5.5045504e-01
   5.6378736e-01
   5.4768902e-01
  -6.7557670e-01
   2.1693803e+00
  -1.3654633e+00
   2.1017187e+00
  -6.1845483e-01
   7.0032110e-01
   1.0423437e+00
  -4.8909113e-01
   1.8342043e+00
  -1.6440023e-01
   1.1847874e+00
   1.1194865e+00
  -2.7911909e-01
   1.5190006e+00
  -6.1594633e-01
   1.1316916e+00
   3.4584898e-01
   3.8328132e-01
   7.8074014e-01
   4.6465880e-01
   5.0650690e-02
   1.2368590e+00
  -8.9619436e-01
   1.6279140e+00
  -5.4324335e-01
   7.0118552e-01
   1.1268743e+00
  -7.7701515e-01
   2.3582712e+00
  -1.2061803e+00
   1.7779769e+00
  -3.0358281e-01
   1.4226048e-01
   9.1661932e-01
  -6.3861633e-01
   8.5838299e-01
   1.4978724e-01
  -1.9537075e-01
   1.1551124e+00
  -7.0513689e-01
   9.7545558e-01
   3.6085600e-01
  -4.5771992e-01
   1.7116906e+00
  -1.5193992e+00
   1.9078871e+00
  -1.0718241e+00
   8.6806233e-01
   6.4153460e-02
   6.0038812e-02
   1.2499416e-01
   7.4512862e-01
  -1.0480598e+00
   1.8134304e+00
  -1.9904375e+00
   1.9754936e+00
  -1.0820970e+00
   6.1587683e-01
   8.1928906e-01
  -9.0961728e-01
   1.9951493e+00
  -1.4585193e+00
   1.6679485e+00
  -9.3408023e-01
   1.2179616e+00
  -6.1442099e-01
   1.4434009e+00
  -1.1618787e+00
   2.0689259e+00
  -1.4892942e+00
   1.8535361e+00
  -7.9833585e-01
   7.3668202e-01
   5.3871040e-01
  -1.9726377e-01
   7.7061017e-01
  -8.3527891e-02
  -5.9899070e-01
   1.0138721e+00
  -1.6587737e+00
   1.9834976e+00
  -1.3504689e+00
   1.6531478e+00
  -4.6247575e-01
   5.2597019e-01
   1.9534487e-01
   1.8528078e-01
   2.9720366e-01
   2.6065498e-01
   2.8387799e-01
   6.3004172e-02
   7.6854918e-01
  -8.1219845e-01
   1.0738531e+00
  -1.2896321e+00
   6.7785134e-01
  -4.5569973e-01
  -3.9665419e-01
   7.6086193e-01
  -1.2717931e+00
   1.0639001e+00
  -9.9650423e-01
   2.9571326e-01
   6.7870016e-02
  -4.2446404e-01
   4.2543628e-01
  -4.4206412e-01
  -1.2594675e-01
   1.5995622e-01
  -5.1183218e-01
   2.7757193e-01
  -1.4264279e-01
  -3.3049943e-01
   3.0734110e-01
  -2.5057629e-01
  -3.9270043e-02
   8.6211410e-01
  -1.6123972e+00
   2.3799586e+00
  -2.5125120e+00
   2.5545245e+00
  -2.3385182e+00
   8.3304243e-01
  -9.0972920e-01
  -9.2273444e-01
   4.7005541e-01
  -1.3234477e+00
   7.3775241e-01
  -9.9662259e-01
   4.3886291e-01
  -9.8637047e-01
   7.1134751e-01
  -1.3491046e+00
   1.1014459e+00
  -1.6163536e+00
   6.1878504e-01
  -8.2234142e-01
  -4.2458032e-01
   3.0995776e-01
  -1.0783945e+00
   4.8623215e-01
  -6.0919265e-01
  -6.7110495e-01
   3.2783696e-01
  -1.5414514e+00
   7.2834564e-01
  -1.3779777e+00
   9.5826666e-02
  -7.5030444e-01
  -3.0291035e-01
  -7.5375541e-01
   1.5222742e-01
  -1.4272893e+00
   7.5084605e-01
  -1.8283753e+00
   1.2931073e-01
  -1.1086363e+00
  -1.1981561e+00
   1.3567893e-01
  -1.7328396e+00
   3.2020285e-02
  -7.8965508e-01
  -1.4562968e+00
   8.1709865e-01
  -2.7692998e+00
   1.2675415e+00
  -2.2854844e+00
   7.2406275e-02
  -5.5231164e-01
  -1.7048051e+00
   7.6213098e-01
  -2.2605780e+00
   6.5359987e-01
  -1.5630368e+00
  -2.6699177e-01
  -8.1532645e-01
  -7.4385230e-01
  -8.0320156e-01
  -5.0079046e-01
  -1.3572219e+00
  -2.1022437e-01
  -1.5814817e+00
  -3.5716379e-02
  -1.4480003e+00
   2.9504762e-02
  -1.6106341e+00
   2.7661953e-01
  -1.8455413e+00
   4.9358775e-01
  -1.7142284e+00
  -2.2377539e-02
  -8.6608075e-01
  -9.5252243e-01
  -1.8148940e-01
  -1.3549572e+00
  -4.8715915e-01
  -6.8601237e-01
  -1.4789990e+00
   3.3370234e-01
  -1.9550631e+00
   2.6214270e-01
  -1.1640632e+00
  -9.6743527e-01
   2.7670506e-01
  -1.9485914e+00
   9.5657585e-01
  -1.7643028e+00
   2.2849733e-01
  -8.9274746e-01
  -7.2624355e-01
  -3.3270883e-01
  -7.5073185e-01
  -5.9550193e-01
  -1.6027916e-01
  -9.2157794e-01
  -1.8897684e-01
  -2.3214303e-01
  -1.1136575e+00
   1.0418992e+00
  -2.1800184e+00
   1.6466316e+00
  -2.1412310e+00
   1.1270811e+00
  -1.0814431e+00
   2.0578728e-02
  -2.6915062e-01
  -4.5768533e-01
  -1.7583488e-01
  -3.0033838e-01
  -4.1634825e-01
  -2.3830222e-01
   4.2539697e-02
  -8.7322643e-01
   7.8705052e-01
  -1.5126711e+00
   1.1282364e+00
  -1.2237289e+00
   3.2687697e-01
  -9.5963811e-02
  -9.1350265e-01
   1.0805366e+00
  -1.5517548e+00
   1.2837745e+00
  -1.2977543e+00
   7.6965101e-01
  -5.5147402e-01
   9.8011536e-02
   4.3249090e-02
  -3.6027250e-01
   5.4918126e-01
  -7.2310419e-01
   1.0036715e+00
  -1.0220070e+00
   1.0918864e+00
  -8.5563517e-01
   2.3242889e-01
  -6.4751035e-02
  -1.0438836e+00
   1.0876503e+00
  -1.7050687e+00
   1.4449072e+00
  -9.3319977e-01
   5.0250656e-01
   7.5816259e-01
  -1.0077949e+00
   2.1055754e+00
  -1.7367160e+00
   2.1118638e+00
  -1.1971331e+00
   1.0299745e+00
  -1.8809429e-02
  -9.3839497e-02
   5.0865057e-01
  -5.6186002e-01
   1.4857563e-01
  -2.3960299e-01
  -3.8310545e-01
   1.2605106e-01
  -5.1042163e-01
   1.9619157e-01
  -5.2788783e-02
   8.5185582e-02
   1.8248380e-01
   9.1355573e-02
  -1.4836815e-01
   4.6217383e-01
  -6.8588748e-01
   7.2217002e-01
  -7.2951352e-01
   4.3749443e-01
  -9.0931715e-02
  -3.6186140e-01
   8.1864109e-01
  -9.0478684e-01
   1.1541593e+00
  -6.4237846e-01
   6.2740924e-01
   2.9036977e-01
  -1.1759780e-01
   8.4984448e-01
  -6.6313308e-01
   1.9576267e-01
  -4.8867697e-01
  -8.3008403e-01
   7.3993352e-02
  -1.0658293e+00
   1.7473938e-01
  -4.7809075e-01
  -5.8065408e-01
   1.7418951e-01
  -1.2378963e+00
   5.2296194e-01
  -1.1571590e+00
   3.6638619e-01
  -8.3720777e-01
  -2.8656089e-02
  -8.3931445e-01
  -7.3348720e-02
  -8.9730031e-01
   1.9543763e-02
  -5.1811090e-01
  -5.8597780e-01
   1.8051425e-01
  -1.6494900e+00
   8.6548791e-01
  -2.1013878e+00
   6.8581721e-01
  -1.5116579e+00
  -3.5765325e-01
  -3.5438445e-01
  -1.3265222e+00
   3.8569828e-01
  -1.5662758e+00
   2.7295097e-01
  -1.1329270e+00
  -1.7186855e-01
  -8.6995598e-01
  -4.6303880e-01
  -9.0639665e-01
  -4.1602231e-01
  -9.5189408e-01
  -6.2822992e-01
  -6.8834396e-01
  -1.3584016e+00
  -1.4263081e-01
  -1.8935009e+00
   4.3252163e-01
  -1.8479760e+00
   4.7108108e-01
  -1.2946748e+00
   6.1969434e-02
  -7.7985645e-01
  -3.4605409e-01
  -4.5696244e-01
  -5.8743996e-01
  -4.1995956e-01
  -6.0832579e-01
  -3.8534980e-01
  -5.2165521e-01
  -5.1569168e-01
  -2.3095195e-01
  -9.2910026e-01
   1.0694100e-01
  -1.6849000e+00
   3.4831978e-01
  -2.2707770e+00
   5.2796956e-01
  -2.1951696e+00
   5.3861982e-01
  -1.6875371e+00
   3.5450646e-01
  -1.3133240e+00
   5.8910779e-02
  -1.2094881e+00
  -6.2522223e-02
  -1.2562380e+00
  -1.1901917e-01
  -1.3317349e+00
  -1.5275568e-01
  -1.3911729e+00
  -6.0376145e-02
  -1.3746624e+00
   3.4456566e-01
  -1.3509138e+00
   8.1723608e-01
  -1.3519923e+00
   9.8034885e-01
  -1.1217449e+00
   8.7256144e-01
  -6.8782375e-01
   2.3115187e-01
  -8.1768996e-01
  -3.5046013e-01
  -1.3183709e+00
  -6.5261600e-02
  -1.7382618e+00
   8.2455844e-01
  -2.0826031e+00
   1.4736258e+00
  -2.1121645e+00
   1.4567028e+00
  -1.6534415e+00
   9.5020260e-01
  -8.9831460e-01
   2.0452627e-01
  -2.9433316e-01
  -4.4496316e-01
   1.7217169e-02
  -7.1340950e-01
   2.0066188e-01
  -4.6063904e-01
   6.1821537e-02
   1.7156475e-02
  -4.8742178e-01
   5.3208380e-01
  -1.1404116e+00
   8.3134007e-01
  -1.5041641e+00
   7.6881219e-01
  -1.2620332e+00
   5.6526445e-01
  -6.4353789e-01
   4.5277179e-01
  -1.9892004e-01
   6.7131709e-01
  -2.1928597e-01
   8.8440874e-01
  -3.0686615e-01
   9.7691137e-01
  -6.5998908e-03
   6.8433647e-01
   4.2533698e-01
   3.8088346e-01
   7.3221030e-01
   4.3826672e-01
   3.1998331e-01
   5.2535652e-01
  -3.6928226e-01
   6.7440498e-01
  -6.1740368e-01
   8.5341036e-01
  -3.6575598e-01
   9.8846657e-01
  -3.5287434e-01
   1.1042931e+00
  -6.3754510e-01
   1.2900515e+00
  -7.3640777e-01
   1.1413677e+00
  -2.7250483e-01
   3.1997636e-01
   5.4598218e-01
  -6.3646961e-01
   1.2011841e+00
  -9.7647133e-01
   1.0115253e+00
  -5.9381653e-01
   6.8648678e-02
   2.6961755e-01
  -5.7962742e-01
   1.0613680e+00
  -7.9361309e-01
   1.4317004e+00
  -7.6851445e-01
   1.6093380e+00
  -6.9192093e-01
   1.8591477e+00
  -4.5996867e-01
   1.7894446e+00
   1.5349027e-02
   1.0490022e+00
   7.6593702e-01
  -2.5083218e-01
   1.2064243e+00
  -1.3333673e+00
   1.1980903e+00
  -1.4215853e+00
   1.1373011e+00
  -7.3799428e-01
   1.1065301e+00
  -2.6253495e-01
   1.1771337e+00
  -1.3394586e-01
   1.3184912e+00
  -1.9135308e-01
   1.3470348e+00
  -3.5459936e-01
   1.2331043e+00
  -7.0762163e-01
   1.2582333e+00
  -9.8151096e-01
   1.3823033e+00
  -1.0432216e+00
   1.0142912e+00
  -7.9728241e-01
   2.3147394e-01
  -2.2074781e-01
  -1.7874336e-01
   2.4292202e-01
   9.5618517e-02
  -6.0548175e-03
   7.9097214e-01
  -3.6182054e-01
   1.4151497e+00
  -4.7552214e-03
   1.3106446e+00
   7.8519293e-01
   5.1501413e-01
   1.4858685e+00
  -1.2042453e-01
   1.5167680e+00
  -7.5958482e-01
   6.6122539e-01
  -1.0916011e+00
   2.3134884e-01
  -7.0614554e-01
   5.1250308e-01
  -8.4424553e-02
   3.9070208e-01
   5.5372555e-01
  -2.5764497e-01
   1.2410443e+00
  -7.9123576e-01
   1.3377958e+00
  -7.5539018e-01
   2.7547347e-01
   1.7357300e-01
  -1.0272841e+00
   1.5047576e+00
  -1.8070326e+00
   1.5793803e+00
  -1.5909019e+00
   3.1931489e-01
  -2.3198268e-01
  -1.2023242e+00
   1.3963685e+00
  -1.9734178e+00
   1.9592968e+00
  -1.5907338e+00
   1.3646159e+00
  -2.1484840e-01
   4.3650015e-01
   1.1671890e+00
   2.7565938e-02
   1.5283603e+00
   3.7366077e-01
   7.7994931e-01
   1.2780346e+00
  -7.6396359e-01
   1.1580921e+00
  -1.7547818e+00
   8.0251500e-01
  -9.1580560e-01
   4.9085191e-01
   2.8612331e-01
   1.1306027e-01
   6.1996825e-01
   5.5656233e-01
   1.7934079e-01
   1.3713022e+00
  -8.1428298e-01
   1.5477620e+00
  -1.1066170e+00
   1.1413208e+00
  -2.9996692e-01
   3.8466873e-01
   4.6846082e-01
  -1.5038568e-01
   4.2185005e-01
  -1.9667922e-01
  -4.2336486e-01
  -2.2141264e-01
  -6.9755211e-01
  -4.5281581e-01
   2.3178978e-01
  -8.6560892e-01
   1.1722914e+00
  -1.0988757e+00
   1.0925924e+00
  -2.1619925e-01
   4.9723362e-01
   1.2033678e+00
  -1.7479244e-01
   1.5761359e+00
   1.0389423e-02
   1.1631110e+00
   1.0148763e+00
   4.7191433e-02
   2.2506368e-01
  -7.9304039e-01
  -7.0147349e-01
   6.3286807e-01
  -9.8769103e-01
   1.7456249e+00
  -9.4848597e-01
   1.5092310e+00
   2.7840485e-01
   6.2641915e-01
   1.3914838e+00
  -6.9405784e-01
   1.4458891e+00
  -9.2338106e-01
   1.4586497e+00
  -2.0302179e-01
   1.2246670e+00
   5.8950288e-02
   1.1912731e+00
   1.3052291e-01
   1.2942527e+00
  -1.9220888e-01
   5.9939282e-01
  -4.0759207e-01
   4.1812075e-01
   1.8362790e-01
   7.8785020e-01
   2.0171810e-01
   1.2554952e+00
   1.1042326e-01
   1.9670727e+00
   3.1935215e-01
   1.9874565e+00
   8.2577964e-01
   1.4484822e+00
   1.9824016e+00
   9.1687917e-01
   3.0201727e+00
   3.1325343e-01
   2.5720617e+00
  -1.1744433e+00
   1.7653742e+00
  -8.1339506e-01
   1.8071667e+00
   6.7131145e-02
   1.4742413e+00
   8.2302521e-01
   1.7686740e+00
   1.1458082e+00
   1.8245640e+00
   1.7497112e-01
   1.4986143e+00
  -1.5699087e-01
   1.3536264e+00
   4.0556156e-01
   5.4670421e-01
   1.2347465e+00
   1.0560371e-01
   1.7049829e+00
   2.3960605e-01
   6.4921253e-01
   6.5805665e-01
  -5.3497373e-01
   8.0209200e-01
  -4.7975975e-01
   4.6448194e-01
   1.0497406e+00
  -2.8834061e-01
   2.0434794e+00
  -4.0612541e-01
   1.3967235e+00
   9.4551908e-01
  -2.0886457e-01
   2.7067558e+00
  -1.3977262e+00
   3.2675955e+00
  -6.5256119e-01
   2.7340665e+00
   1.0978338e+00
   1.4596445e+00
   3.6538091e-01
  -2.5968534e-01
  -4.9996364e-01
   9.3403366e-01
  -6.8836428e-01
   1.1602879e+00
  -2.3383363e-01
   1.0511556e+00
   1.7319789e+00
  -1.0641243e-01
   1.6007234e+00
  -1.3947090e+00
   8.6818250e-01
  -3.5290559e-01
  -1.6625739e-01
   3.4406748e-01
  -7.3594896e-01
   7.4223950e-01
   2.1281806e-01
  -1.7504131e-01
   6.4502652e-01
  -1.6513807e+00
   9.5116495e-01
  -2.3699976e+00
   5.5635628e-01
  -2.2024708e+00
   7.9808235e-01
  -1.3470321e+00
   5.3226412e-01
  -1.1413134e+00
  -1.2429892e-01
  -4.9325219e-01
  -7.6485169e-01
  -1.4098860e-02
  -1.3878156e+00
   3.3807528e-01
  -7.2709910e-01
   4.4366053e-01
   2.5420939e-01
  -1.2386920e-01
   9.6730488e-01
  -1.5900041e+00
  -3.9963932e-01
  -2.1133823e+00
  -3.8479867e-01
  -1.4330545e+00
  -4.9434162e-01
  -8.9090496e-01
   3.6672194e-01
  -4.2147906e-01
   2.9629259e-01
  -1.6464593e+00
  -3.1232589e-01
  -1.7917860e+00
  -3.0402959e-01
  -1.6044959e+00
  -7.4949431e-01
  -6.5700372e-01
  -6.7477679e-01
   2.3511357e-01
  -1.4462373e+00
   2.4876564e-01
  -1.9360916e+00
   1.9084686e-01
  -2.4477782e+00
  -5.2272659e-01
  -1.7994370e+00
  -1.6339177e-01
  -9.2650797e-01
  -7.3247866e-01
  -6.8033784e-01
  -8.7016705e-01
  -3.3307181e-01
  -1.1147805e+00
  -6.6291641e-01
  -4.2742408e-01
  -6.5832396e-01
   8.3128143e-01
  -1.1463566e+00
   1.9783879e+00
  -1.2248891e+00
   1.3912438e+00
  -2.9265875e+00
  -4.5206689e-01
  -1.4643442e+00
  -1.3732891e+00
   6.1185330e-02
  -2.2949240e+00
   1.6622413e+00
  -1.2985007e+00
   8.0251243e-01
  -1.1907031e+00
  -1.4009173e+00
  -1.4478870e-01
  -1.9524271e+00
  -2.0913971e-01
  -1.4572619e+00
  -5.6616125e-01
   4.4377940e-01
  -1.1515867e+00
   4.5243586e-01
  -1.3250036e+00
  -4.3538423e-01
  -3.6569506e-01
  -1.9636038e+00
   3.3000065e-02
  -2.2675959e+00
   1.5284176e-01
  -1.0718713e+00
  -8.7151018e-01
  -2.9858830e-02
  -1.6984052e+00
   6.2432359e-01
  -2.0881492e+00
   3.1521740e-01
  -1.7359070e+00
   5.1387145e-01
  -9.2434035e-01
   8.1243561e-01
  -1.6042985e-01
   1.2708111e+00
   6.7227702e-01
   3.9412742e-01
  -9.9193120e-01
  -1.0038911e+00
  -2.3291947e-01
  -5.8151932e-01
  -2.9503084e-01
  -4.7280516e-01
   1.0126789e+00
   3.6318026e-01
   9.0768270e-01
  -1.1931411e+00
   3.4091593e-01
  -1.0452981e+00
   6.1662459e-02
  -8.9596857e-01
  -5.9422727e-01
   8.3983462e-01
  -4.7968931e-01
   1.2371222e+00
  -1.2697931e+00
   9.3327931e-01
  -1.0636335e+00
   1.2573193e-01
  -1.2966974e+00
  -3.2790885e-01
  -8.9882038e-01
  -4.4716775e-01
  -3.8926484e-01
  -7.0547054e-01
   1.7858903e-01
  -1.0758060e+00
   5.4516748e-01
  -1.4538068e+00
   6.1575934e-01
  -1.0232038e+00
   8.8263621e-01
  -3.9569035e-01
   1.1665962e+00
   1.4536262e-01
   1.8140874e+00
   2.6652587e-01
   1.0371369e+00
  -1.6870797e+00
  -5.0680570e-01
  -4.3427087e-01
  -9.3088224e-01
   2.6648779e-01
  -1.0080936e+00
   1.4919465e+00
   2.5423092e-01
  -1.4635698e-01
   2.1642094e-01
  -1.6073574e+00
   7.7240083e-01
  -1.6144120e+00
  -3.1921024e-01
   2.2966654e-01
  -8.2577053e-01
   2.2412051e+00
  -2.1208685e+00
   1.8635373e+00
  -1.6276680e+00
   4.1949395e-01
  -5.1157861e-01
  -1.7623607e+00
   1.0767267e+00
  -2.2639605e+00
   1.2097485e+00
  -1.9586525e+00
   5.4408803e-01
  -9.5819516e-01
  -3.4707962e-01
  -5.7611557e-01
  -4.7732577e-01
  -4.1019067e-01
  -3.2666936e-02
  -5.3249287e-01
   5.9340855e-01
  -8.9939323e-02
   1.0549875e+00
   2.4016375e-01
   1.4570180e+00
   4.0048810e-01
   9.7127808e-01
  -1.9766650e+00
   2.7280177e-01
  -1.5692841e+00
   4.3619987e-01
  -1.4916983e+00
   1.9451157e-01
   6.3125129e-01
  -2.8296230e-01
   6.2278733e-01
  -2.2973253e+00
   9.1192963e-01
  -2.2772306e+00
   3.2715051e-01
  -1.9903471e+00
   3.8067448e-01
  -2.7167635e-01
  -2.1322304e-01
  -4.2959863e-01
  -8.5344583e-01
  -1.8124510e-01
  -1.5453879e+00
  -7.8160766e-01
  -2.0127620e+00
   2.3843709e-02
  -1.7379265e+00
  -7.0113384e-01
  -1.5040796e+00
  -1.1285526e+00
  -3.6476033e-01
  -2.5355645e+00
   2.7052054e-01
  -2.4719342e+00
   5.9999006e-01
  -1.8782521e+00
  -3.0544201e-01
  -3.2698912e-01
  -3.6817099e-01
   2.4783799e-01
  -9.0474860e-02
   1.7821767e-01
   1.0226991e+00
  -1.0515736e+00
  -9.9791820e-01
  -2.1281807e+00
  -1.0150056e+00
  -1.0904337e+00
  -1.9702185e+00
  -1.7358653e-01
  -6.2141860e-01
  -1.8027454e-02
  -9.1596652e-01
  -1.8652030e+00
  -4.6392811e-01
  -2.0391161e+00
  -8.7853700e-01
  -1.9266258e+00
  -9.3144055e-02
  -9.2012922e-01
   1.2243049e-01
  -2.0114790e+00
   5.7223650e-01
  -2.2185736e+00
  -1.8078623e-03
  -2.6026219e+00
  -9.9699689e-01
  -7.9783060e-01
  -1.5719854e+00
  -2.4932002e-01
  -2.0879877e+00
  -1.4116519e+00
  -1.1860091e+00
  -2.8104239e+00
   2.9118982e-01
  -3.6622566e+00
   1.3560960e+00
  -3.0713944e+00
   5.6949074e-01
  -2.2110996e+00
  -2.5942872e-01
  -8.6744335e-01
  -4.7749942e-01
  -5.2957050e-01
   4.1717640e-01
  -2.1537368e-01
   9.4745867e-01
  -2.0502390e+00
  -1.1698312e+00
  -1.8730944e+00
  -9.3762182e-01
  -1.6800846e+00
  -1.2524794e+00
  -3.6340228e-01
   3.0290791e-01
  -9.3905130e-01
  -5.2607217e-01
  -1.8357953e+00
  -2.8714387e-02
  -2.1614084e+00
  -3.7517420e-01
  -1.1056509e+00
   2.4722079e-01
   2.4097580e-01
  -6.7003252e-01
   6.0071960e-01
  -1.1659473e+00
   3.7830279e-01
  -1.8054603e+00
  -2.5261396e-01
  -1.0160801e+00
  -5.6615089e-02
  -4.1997498e-01
  -2.4568479e-01
  -9.2224310e-01
  -7.3008678e-01
  -1.3273455e+00
  -1.9825889e-01
  -1.3901783e+00
   3.1656401e-01
  -7.3358162e-01
   5.0479278e-01
  -8.1381152e-01
   2.5428979e-01
  -3.7090735e-01
   1.0406590e+00
  -2.5572886e-01
   1.4628360e+00
   4.3606183e-01
   1.7511139e+00
   1.0995587e+00
  -8.1452535e-01
  -4.1850714e-01
  -1.1970994e+00
   3.5440288e-01
  -4.3529986e-01
  -5.1249642e-01
   2.4047279e+00
  -7.5843863e-01
   3.0369649e+00
  -2.6577002e+00
   2.0689880e+00
  -1.4742368e+00
   2.7850758e-01
   4.5352633e-01
  -5.4311035e-01
   2.8310900e+00
  -3.9633139e-01
   2.0484055e+00
  -1.3813008e-02
   3.7305061e-01
   6.0757868e-01
  -1.2386422e+00
   9.7248118e-01
  -7.2315029e-01
   1.3463721e+00
   1.6611390e-01
   7.9508427e-01
   2.1189488e-01
  -1.5092315e-01
  -4.0772026e-03
  -2.8198191e-01
   5.1063955e-01
   1.2530606e-01
   1.4770764e+00
   2.2292701e-01
   1.3740287e+00
   2.7567551e-01
   1.1964745e+00
   1.3978546e+00
   6.3603446e-01
   2.5008892e+00
   2.8651707e-01
   2.9578520e+00
   8.3386452e-01
   2.3810156e+00
  -3.6387155e-01
  -3.7680247e-01
   7.6678900e-01
   4.0346962e-02
   8.8530123e-01
   2.5238321e-01
   1.6959274e+00
   1.2483635e+00
   4.1046235e-01
   2.1142447e-01
  -4.8226159e-02
   9.0885774e-01
   1.7834258e-02
   7.9191877e-01
   1.0549846e+00
   9.5319254e-01
   1.8806303e+00
  -1.1687930e+00
   2.1930582e+00
  -2.2003310e+00
   2.3048298e+00
  -2.4442639e+00
   1.5646954e+00
  -6.3835019e-01
   7.3468238e-01
   4.9830892e-01
  -1.7845660e-01
   3.9944810e-01
   1.3503627e-01
  -2.0845733e+00
   1.2948215e+00
  -2.1886697e+00
   3.1752630e+00
  -2.4648291e+00
   2.6502473e+00
  -1.3524749e+00
   1.4233964e+00
  -9.8041229e-01
   2.8136625e-01
   1.3920053e-01
   8.3818778e-01
   3.6546591e-02
   1.1831470e+00
   8.4455282e-01
   1.7890324e+00
   2.8706704e-01
  -1.5847404e+00
  -7.1242686e-02
  -4.4090860e-01
   2.8117388e-01
  -4.7147773e-01
   7.5270272e-01
   1.3984399e+00
   9.9080968e-01
  -4.2020680e-01
   4.1649415e-02
  -5.2397939e-01
   5.5516909e-01
  -9.4217668e-01
   3.7124791e-01
   6.0075781e-01
   7.3903339e-01
   4.9528523e-01
  -4.6614601e-01
   1.2209064e-01
   1.0079769e-01
  -1.0467222e+00
   4.0350294e-01
  -1.4006216e+00
   1.8070330e+00
  -1.0646733e+00
   1.6277556e+00
  -7.6897744e-01
   1.1073238e+00
  -8.4195481e-01
  -2.2447708e-01
  -7.1127175e-01
   5.1164300e-01
  -2.5735871e-01
   7.0110534e-01
  -7.5826726e-01
   1.1108526e+00
  -1.1782143e+00
   1.0124800e+00
  -1.4816900e+00
   1.6136588e+00
  -9.9014525e-01
   1.4124986e+00
  -6.5785838e-02
   1.4185681e+00
   1.5102111e+00
   9.7314545e-01
   1.4568502e+00
  -1.6909259e+00
   5.9931482e-01
  -3.2663185e-01
   6.0412326e-01
   1.7276748e-01
   4.8483789e-01
   2.3243270e+00
  -2.8494773e-02
   1.5047241e+00
  -1.4333248e+00
   1.8767395e+00
  -8.4659046e-01
   1.3859234e+00
   1.5619935e-01
   1.5624154e+00
   1.2083526e+00
   4.8919741e-01
   7.3364287e-01
   7.8690309e-01
   4.6745280e-01
   1.2505321e+00
  -3.2588436e-01
   2.1302604e+00
  -6.9371663e-02
   2.2767892e+00
   1.5949238e-01
   1.3458742e+00
   8.2228470e-01
  -2.1264824e-01
   9.6428007e-01
  -4.9832091e-01
   2.1393243e+00
  -2.3702622e-01
   1.8603109e+00
  -1.1888975e-01
   1.5209421e+00
   1.4063730e-01
   9.5852880e-01
   7.8062128e-01
   1.1527008e+00
   1.4709933e+00
   1.0124621e+00
   2.0662199e+00
   1.1909366e+00
   2.5430259e+00
   1.2475986e+00
   6.6103258e-01
  -4.6678513e-01
   8.2331076e-01
   1.0450704e+00
   6.0412616e-01
   1.2179391e+00
   1.2068635e+00
   2.1094090e+00
   2.1876897e-01
   3.4008124e-01
  -2.5181125e-01
   1.0130871e+00
   1.1194757e-02
   9.0516559e-01
   5.5727060e-01
   1.9260048e+00
   6.8543009e-01
   9.2805231e-01
  -7.6088515e-02
   1.1406898e+00
  -1.8917680e-01
   7.6484710e-01
  -3.0841740e-01
   1.1619352e+00
   6.6658222e-01
   9.0371672e-01
   4.7547490e-01
   3.9047051e-01
   2.5570076e-01
  -1.1475983e-01
  -6.0604055e-01
   1.1349758e-01
   3.8940155e-01
   3.9416593e-01
   4.7889128e-01
   8.2880993e-02
   7.9796050e-01
   4.9948037e-01
  -8.1388113e-02
   1.2217077e+00
  -6.5125697e-01
   2.4053498e+00
  -1.0885272e+00
   2.7952817e+00
  -7.6466535e-02
   2.6671315e+00
   1.1611523e+00
   1.4133692e+00
  -4.3270443e-01
  -3.0193546e-01
   1.8496635e-01
   8.9253632e-01
  -3.0934062e-01
   1.4181952e+00
   7.0808871e-01
   1.1171511e+00
   3.6421406e-01
  -1.0669241e+00
   1.0135484e+00
  -8.0315607e-01
   1.0844565e+00
  -2.8476052e-01
   9.0540160e-01
   4.9477207e-01
   4.7449783e-01
  -6.8930901e-01
   6.9498246e-01
  -1.4121240e+00
   1.2740357e+00
  -1.7952724e+00
   1.0132760e+00
  -7.6151726e-01
   3.9685084e-01
   1.7604385e-01
  -8.3319528e-01
   2.8464535e-01
  -8.0532478e-01
  -5.0769576e-01
  -6.6707035e-01
  -7.3984468e-01
   4.7464660e-01
  -5.4187586e-01
  -1.3154461e-01
  -2.1841872e-01
  -3.1534045e-01
   5.9041283e-02
  -6.4764218e-01
  -2.2085950e-01
   2.3452413e-01
  -7.4036545e-02
   4.9848448e-01
   1.4269850e-01
   7.0458068e-01
   9.2386733e-01
   8.0903106e-01
   3.2269182e-01
  -7.0241673e-01
  -1.7914280e+00
   1.2291698e+00
  -1.6251340e+00
   1.2398161e+00
  -1.0742576e+00
   1.2706512e+00
   2.0750365e-01
  -6.2048556e-01
  -5.6504716e-01
  -8.4499765e-01
  -4.4441275e-01
   1.2004298e-01
  -9.9579757e-01
   9.0066398e-01
  -7.9884299e-01
   5.5189842e-01
  -9.5788717e-01
  -3.5814864e-01
  -5.7607599e-01
  -1.1044867e-01
  -1.0608005e+00
   7.2714086e-01
  -1.6758005e+00
   1.9175690e+00
  -2.0421453e+00
   1.1261362e+00
  -1.6513197e+00
  -1.8353476e-01
  -7.9362832e-01
  -1.1494074e+00
  -2.0564194e-01
  -6.6497471e-01
  -5.4789529e-01
  -1.9354367e-01
  -1.4575886e+00
   6.6977380e-02
  -1.1998736e+00
  -4.7393287e-01
  -2.0801030e-01
  -1.0997141e+00
   8.9874814e-01
  -1.3556973e+00
   9.9356574e-01
  -8.6534565e-01
   3.8816543e-01
   5.9425820e-01
  -3.1345371e-01
  -1.3336040e-01
  -2.6203549e+00
   5.3375036e-01
  -1.2208036e+00
  -1.2207102e-01
  -6.4782094e-01
  -3.9894974e-01
   3.8272911e-01
  -6.3356181e-01
  -1.2261501e+00
  -5.2405790e-01
  -1.2315579e+00
   6.7954652e-01
  -1.0285480e+00
   2.6354697e-01
  -1.7736592e-01
  -2.5667430e-01
   2.9976656e-01
  -1.3480730e+00
   3.5462863e-01
  -7.1095892e-01
   1.0170470e-01
  -1.3888779e-01
  -4.4711723e-01
   4.9443666e-01
   1.2079051e-01
  -5.9208249e-01
   4.2331156e-01
  -1.5108752e+00
   8.0230743e-01
  -1.9512456e+00
   5.6971313e-01
  -7.1896391e-01
   3.4872825e-01
  -3.0867497e-01
  -1.1635403e-02
  -4.8930743e-01
   6.6412921e-01
  -8.0729219e-01
   1.0265343e+00
  -3.6423683e-01
   9.2660790e-01
   4.5586289e-01
   2.3433191e-01
   1.0223760e+00
   3.8596568e-01
   1.3194232e+00
   1.1603747e+00
  -1.9721444e-01
  -5.6826598e-01
  -8.0364894e-01
   5.2305615e-01
  -4.9749328e-01
   3.2206959e-01
  -1.7781129e-01
   1.2463255e+00
  -7.2493175e-02
   5.2364491e-01
  -1.1768410e+00
   4.3873480e-01
  -5.0714063e-02
   2.7519003e-01
   7.7484514e-01
  -2.9532071e-01
   1.2213938e+00
   1.9465772e-02
  -3.1007721e-02
   5.6509467e-01
  -9.3152934e-01
   1.1333148e+00
  -6.8298446e-01
   1.9230957e-01
   8.6945206e-01
  -1.0255879e+00
   2.1316481e+00
  -2.3425320e+00
   2.1248484e+00
  -2.5530526e+00
   1.1452818e+00
  -1.3894801e+00
   9.9719503e-01
  -6.1814083e-01
   6.1126532e-01
  -6.0768150e-01
   3.7221712e-01
  -3.1321235e-01
  -2.4432493e-01
   3.6603657e-01
  -5.7665460e-01
   1.2483321e+00
  -7.8487911e-01
   1.3111647e+00
  -2.4534758e-01
   1.2212140e+00
   5.0902537e-01
  -4.8727995e-01
  -1.5985494e+00
  -5.9297640e-01
  -6.6051251e-01
   2.0279733e-01
  -1.4135232e+00
   4.1658753e-01
  -5.1744244e-01
   1.3249290e-01
  -1.4221110e+00
  -1.4419791e+00
  -1.1057545e+00
  -5.1943484e-01
  -1.1925089e+00
   6.1222107e-05
  -1.6670875e+00
   7.3690062e-01
  -1.7213893e+00
  -3.7595078e-01
  -1.2265876e+00
  -1.2757557e+00
  -1.2629313e-01
  -1.7590814e+00
  -3.6314678e-01
  -9.6123341e-01
  -9.4204969e-01
   1.0317213e-02
  -2.5077141e+00
  -3.8425329e-02
  -2.4345249e+00
  -8.1941973e-01
  -1.7016434e+00
  -1.9801708e+00
  -2.7856655e-01
  -2.2883601e+00
  -5.0680200e-01
  -1.8134377e+00
  -1.5215128e+00
  -3.8915814e-01
  -2.3827037e+00
   1.2810666e-01
  -2.0755822e+00
  -1.9276447e-01
  -7.6996023e-01
  -1.3132703e+00
   5.9103362e-02
  -1.4776929e+00
   4.7980947e-01
  -3.7575442e-01
  -8.3791870e-01
  -1.7348440e+00
  -2.6608434e+00
  -2.9654057e-01
  -1.8701747e+00
  -1.8302371e-01
  -1.6595200e+00
  -9.8603676e-02
  -6.8192917e-01
  -1.1792318e+00
  -1.7684065e+00
  -1.8522258e+00
  -7.8846638e-01
  -9.9810208e-01
  -5.3147481e-01
  -1.2089734e+00
  -2.8188589e-01
  -9.3589325e-01
  -4.2798726e-01
  -1.8054581e+00
  -2.2764846e-01
  -1.9847552e+00
   5.1671016e-01
  -2.0387578e+00
  -2.4149565e-02
  -8.4544512e-01
  -1.0615572e+00
   4.3605720e-01
  -2.5298232e+00
   7.2184318e-01
  -2.2940704e+00
  -7.1093797e-01
  -1.3086749e+00
  -1.6431186e+00
   3.1279232e-01
  -1.8362730e+00
  -2.8353191e-01
  -1.1251299e+00
  -9.1586707e-01
  -2.4102575e-01
  -9.2243935e-01
  -9.4979712e-01
   8.9562152e-01
  -1.9944313e+00
   2.4645850e+00
  -2.2858492e+00
   2.4057843e+00
  -4.7545297e-01
   3.3012347e-01
  -1.0582751e+00
  -2.1126466e+00
   5.2049145e-03
  -2.6720393e-01
  -8.8608972e-01
   8.9250446e-01
  -1.3341753e+00
   1.5646622e+00
  -8.4305312e-01
  -1.3001064e+00
  -8.2951792e-03
  -1.8570765e+00
   1.6994903e+00
  -7.5851761e-01
   4.2793691e-01
   3.6874841e-01
  -4.9087105e-01
   6.7333076e-01
  -7.6063375e-01
  -5.8753054e-01
   3.3443017e-01
  -8.0036579e-01
   9.3051031e-01
  -4.4964702e-01
  -6.6740949e-02
   8.3891833e-01
  -1.1794816e+00
   1.1605932e+00
  -1.6223983e+00
   7.5106101e-01
  -7.6897118e-01
  -1.6436092e-01
  -4.9518514e-01
   2.1309211e-01
  -7.8827084e-01
   8.3654871e-01
  -1.2114241e+00
   6.8777786e-01
  -4.1560326e-01
  -4.3074004e-01
   7.9991022e-01
  -1.3305884e+00
   1.4590027e+00
  -6.0046051e-01
   8.0496967e-01
   8.3123865e-01
  -5.5725968e-01
   2.0585016e+00
  -8.2032633e-01
   2.3311111e+00
  -1.0577218e+00
  -1.6275160e-01
  -1.7182966e+00
   8.9720067e-01
  -1.0054829e+00
   1.5664851e+00
  -1.2530229e+00
   1.4312781e+00
   7.6388882e-02
  -5.0080894e-01
   7.3922910e-01
  -2.3029000e+00
   2.2161634e+00
  -1.4119670e+00
   1.5788578e+00
  -6.4562824e-02
  -5.2156756e-01
   1.7013179e+00
  -1.7025840e+00
   1.3016657e+00
  -1.2048114e+00
  -1.4621956e-01
   9.3437530e-01
  -1.5327651e+00
   1.6275311e+00
  -1.4549136e+00
   1.1331574e+00
  -4.7986940e-01
  -3.9380412e-01
  -3.0848923e-01
  -6.4169537e-01
  -1.0705961e+00
   7.9165058e-02
  -1.4506660e+00
   8.9282727e-01
  -1.2067214e+00
   8.4956799e-03
   2.7746821e-03
  -1.1263313e+00
   1.0486592e+00
  -1.6466044e+00
   1.0050012e+00
  -3.8101779e-01
   3.7202675e-01
   8.1128243e-01
  -3.4080203e-01
   7.9407470e-01
   2.8652114e-01
   3.9554107e-01
   1.1392271e+00
  -1.9020414e+00
  -4.6312137e-01
  -9.4070540e-01
  -2.6751102e-01
   5.9880631e-01
  -1.3238436e+00
   7.1870887e-01
  -5.4133854e-01
   9.0764305e-02
  -3.3536809e-01
  -1.7484110e+00
   5.6468868e-01
  -1.1840908e+00
   1.1531864e+00
  -8.0165476e-01
   9.0943291e-02
   9.1645448e-04
  -4.2735067e-01
   4.1654803e-01
  -1.3146286e+00
   4.0675576e-01
  -1.5929780e+00
   1.2827865e+00
  -1.9988674e+00
   1.6493792e+00
  -2.1913809e+00
   1.3776689e+00
  -1.5553090e+00
  -3.3899258e-02
  -6.3637611e-01
  -1.2701920e+00
   2.5044787e-01
  -1.9587087e+00
   2.2207707e-01
  -1.0174819e+00
  -2.6934172e-01
   6.0663594e-02
  -1.0938132e+00
   6.4311739e-01
  -1.0514202e+00
   6.5417264e-01
  -6.8334000e-01
   3.8008739e-01
   1.1906937e-01
   2.6895232e-01
   5.1340894e-01
  -1.7198681e-01
   7.4128002e-01
  -4.1530996e-02
   9.5691817e-01
   4.5718603e-01
   3.7872884e-01
  -7.6760790e-01
  -1.2666520e+00
  -3.4010223e-01
  -5.1937287e-01
   2.1332262e-01
   5.3170636e-03
  -2.7977454e-01
   6.7745185e-01
  -5.0002546e-01
   2.4536702e-01
  -8.9435040e-01
  -6.8148371e-01
   2.4446439e-01
  -6.8910499e-01
   1.1048450e+00
  -9.5720162e-01
   7.3580576e-01
  -2.9315775e-01
  -3.5207361e-02
   2.8517094e-01
  -1.4002854e+00
   5.9949139e-01
  -1.3335182e+00
   1.2175644e+00
  -8.8779152e-01
   1.2597178e+00
  -1.0538476e+00
   1.3831802e+00
  -1.4351885e+00
   9.1302013e-01
  -1.5955455e+00
   3.4698157e-01
   4.0872321e-01
  -4.4274500e-01
   1.7643971e+00
  -1.8119397e+00
   2.2712151e+00
  -1.5514796e+00
   1.5906886e+00
  -9.2427050e-01
   4.5124763e-01
   8.5077226e-02
   6.8519404e-01
   3.2052439e-01
   1.1948812e+00
  -8.9919054e-02
   1.6548781e+00
   4.0098711e-01
   1.2617294e+00
   1.0512350e+00
  -1.0820541e+00
   7.2925227e-01
  -9.1208495e-01
   1.1763435e+00
   7.1911270e-01
  -2.8570856e-02
   1.8764163e+00
  -5.7537044e-01
   2.4548856e+00
  -6.1587757e-01
   1.0480432e+00
  -1.0607405e-03
   6.5373035e-01
   9.5646552e-01
   1.1777721e+00
   3.2847446e-01
   1.9265601e+00
  -2.3205731e-01
   2.2583430e+00
  -2.5709667e-01
   7.2763213e-01
   4.4055836e-01
  -3.8858356e-01
   1.6963102e+00
  -5.2696317e-01
   1.9117209e+00
  -1.4287439e-01
   1.5449699e+00
   7.1400663e-02
   9.3816275e-01
  -2.1076958e-01
   7.4744228e-01
  -1.5062759e-01
   4.5006762e-01
   5.1113285e-01
   1.3704650e-01
   1.3318030e+00
  -1.8608044e-02
   1.1617008e+00
   3.6194121e-01
   3.5559778e-01
   1.2017994e+00
  -2.9958243e-01
   1.5526966e+00
   2.0045963e-01
   1.0925645e+00
   1.2686001e+00
   6.2535759e-02
   2.1328885e+00
  -2.1213966e-01
   2.2067298e+00
  -3.5791061e-02
   1.4940446e+00
   8.4536839e-02
   3.4023098e-01
   3.4749406e-01
  -2.8658770e-02
   1.5043050e+00
  -5.3215732e-01
   2.4287867e+00
  -1.1322539e+00
   2.8336079e+00
  -8.3959516e-01
   1.7055480e+00
   2.3813573e-01
   9.8135833e-03
   1.7338719e+00
  -7.2189881e-01
   2.0295595e+00
  -2.2434936e-01
   8.2040072e-01
   1.1362588e+00
  -6.5924453e-01
   1.7168391e+00
  -1.2680216e+00
   1.1404163e+00
  -2.9780946e-01
   2.7949084e-01
   9.8069239e-01
  -3.5667495e-01
   1.3102536e+00
  -4.6786098e-02
   8.6739506e-01
   7.9406568e-01
   1.1253497e-01
   1.4532914e+00
  -4.5752950e-01
   1.7851779e+00
  -5.2593573e-01
   2.0695344e+00
  -6.3342638e-01
   8.7957472e-01
  -7.4439627e-01
  -6.4233050e-02
   8.6331694e-02
  -6.7596330e-01
   4.0198005e-01
  -7.1400758e-01
   3.2611068e-01
   4.6689146e-01
  -1.5506667e-01
   1.4200504e+00
  -7.7484130e-01
   1.1973802e+00
  -3.4796558e-01
   1.1467721e-01
   6.0657162e-01
  -1.2402261e+00
   1.2854692e+00
  -1.6212715e+00
   1.5324615e+00
  -1.2434327e+00
   1.1138158e+00
  -8.6073201e-01
   8.7769556e-01
  -4.8985797e-01
   8.4333288e-01
  -3.9794836e-01
   5.1871307e-01
  -3.4568237e-02
   1.9509734e-01
   4.7980710e-01
  -3.7466295e-02
   5.7113023e-01
   1.9004715e-01
   1.3959635e-01
   6.3546693e-01
  -2.2542977e-01
   7.4447908e-01
  -1.0195800e-01
   3.7963447e-01
   2.2621449e-01
  -1.6137941e-01
   3.8740171e-01
  -2.4095495e-03
   3.7474073e-01
   3.2578929e-01
  -1.9527479e-02
   4.2822910e-01
  -8.6375500e-02
   5.4885414e-01
  -1.0497148e-01
   6.5510862e-01
  -3.5126970e-01
   1.1690455e+00
  -6.5954738e-01
   1.3221751e+00
  -7.9551420e-01
   9.0329353e-01
  -2.4678768e-01
   5.4115893e-01
   1.4466046e-01
   7.8813326e-01
  -3.9712155e-01
   1.5099453e+00
  -1.2265133e+00
   1.8179403e+00
  -1.0090409e+00
   8.7464305e-01
   4.4325671e-01
  -9.0361713e-01
   1.8352915e+00
  -1.7069510e+00
   1.8933253e+00
  -8.0408659e-01
   3.8832364e-01
   8.5330102e-01
  -8.6111439e-01
   1.6106605e+00
  -7.5954648e-01
   9.2625979e-01
   3.1485860e-01
  -1.8019708e-01
   9.6366292e-01
  -2.4238495e-01
   8.0915152e-01
   5.1156101e-01
   2.8315895e-01
   1.0230658e+00
   2.8994645e-01
   9.8211914e-01
   5.3752328e-01
   9.3817367e-01
   4.0140159e-01
   1.5554024e+00
  -7.5836711e-02
   2.2525406e+00
  -2.7370237e-01
   2.0235952e+00
   3.1638929e-01
   8.9934530e-01
   1.1206254e+00
   1.0402058e-01
   1.2385078e+00
   2.9472480e-01
   3.6385292e-01
   1.0962443e+00
  -3.9765477e-01
   1.4307873e+00
  -5.1986465e-01
   9.6962581e-01
  -1.9312635e-01
   6.7229092e-01
  -2.0035836e-01
   9.8438290e-01
  -8.7496704e-01
   1.6330575e+00
  -1.3514871e+00
   1.7516091e+00
  -1.1190995e+00
   9.7791556e-01
  -3.1258596e-01
   3.9397265e-02
   1.6882555e-01
  -2.3216518e-01
   1.4890293e-01
   1.6549240e-01
  -1.0271474e-01
   3.5252123e-01
   3.3955670e-03
   6.2313019e-03
   5.2381147e-01
  -4.9957581e-01
   8.7039751e-01
  -5.2537372e-01
   5.8606423e-01
  -3.2494440e-03
  -5.2707809e-02
   6.2341330e-01
  -4.7057755e-01
   7.4340603e-01
  -4.7640827e-01
   4.9881105e-01
  -3.4828430e-01
   2.5124120e-01
  -4.0317536e-01
   4.5745889e-01
  -5.5656929e-01
   7.7426506e-01
  -9.6482222e-01
   7.6019727e-01
  -1.2239327e+00
   6.8379026e-01
  -1.3421779e+00
   5.9926042e-01
  -1.5733276e+00
   7.9675160e-01
  -1.6547977e+00
   9.1508875e-01
  -1.7320815e+00
   6.4988399e-01
  -1.4403841e+00
   3.1235112e-01
  -9.6183827e-01
   1.3885175e-02
  -7.1908441e-01
   4.6099652e-02
  -8.2155006e-01
   3.7733208e-01
  -1.0757976e+00
   6.6212460e-01
  -1.2020039e+00
   4.8739260e-01
  -1.1676345e+00
   3.7551051e-02
  -8.8549895e-01
  -3.0890139e-01
  -4.3816074e-01
  -4.6482365e-01
  -1.4781002e-01
  -6.8389182e-01
  -4.5067393e-03
  -7.6116627e-01
  -1.9354534e-02
  -6.4119675e-01
  -3.7227425e-01
  -2.0251972e-01
  -8.7715155e-01
   3.2749983e-01
  -1.3517299e+00
   4.6918456e-01
  -1.3698281e+00
   1.1481136e-01
  -1.0107378e+00
  -3.7380631e-01
  -7.2264932e-01
  -3.6761095e-01
  -8.1252012e-01
   1.1836823e-01
  -1.1283263e+00
   4.0225591e-01
  -9.9873962e-01
   1.3984078e-02
  -2.3399171e-01
  -8.3269819e-01
   5.9208332e-01
  -1.0580398e+00
   5.5609745e-01
  -3.8714967e-01
  -4.3980759e-01
   6.9097102e-01
  -1.2513791e+00
   9.5604445e-01
  -1.0081885e+00
   1.2267273e-01
   2.8587744e-01
  -9.7698984e-01
   1.2853949e+00
  -1.3396972e+00
   1.2358774e+00
  -8.2339987e-01
   5.4436717e-01
  -3.8192454e-01
   2.0515881e-01
  -5.4305982e-01
   5.5619046e-01
  -1.0792830e+00
   9.6257718e-01
  -1.2993349e+00
   9.6388507e-01
  -1.1313706e+00
   7.5596754e-01
  -9.4349367e-01
   7.2079552e-01
  -8.2228039e-01
   5.1596532e-01
  -2.4415548e-01
  -3.9365606e-01
   9.4830042e-01
  -1.5909263e+00
   1.8356066e+00
  -1.8232020e+00
   1.1219037e+00
  -3.9547883e-01
  -8.7586763e-01
   1.6624714e+00
  -2.3731386e+00
   2.4573581e+00
  -1.8582833e+00
   1.1931172e+00
  -6.5025048e-02
  -5.7236967e-01
   9.8332663e-01
  -7.7392972e-01
   1.0862423e-01
   8.3507190e-01
  -1.6199007e+00
   2.2741141e+00
  -2.3681440e+00
   2.1058293e+00
  -1.4336228e+00
   6.7966783e-01
  -1.0554468e-01
  -4.4688545e-01
   3.1553228e-01
  -3.6199231e-01
  -2.0405576e-01
